1.000000000000000021e-03 9.969840926281917648e-01 9.999986585900572100e-01 1.222678367940761238e-03 9.803921568309979914e-06 3.541099180361907076e-04 1.000000000000000472e-01 2.878319272663176775e+00 1.000000000000000444e+00
1.123324032978027624e-03 9.963719492351714724e-01 9.999983842936112088e-01 1.372912698050974883e-03 1.101298071547329901e-05 3.547565062803558172e-04 1.000000000000001166e-01 2.877954190817902269e+00 1.000000000000000000e+00
1.261856883066021133e-03 9.956366728976512315e-01 9.999980539081253506e-01 1.541480175630117241e-03 1.237114591774201996e-05 3.555352384529474681e-04 1.000000000000004913e-01 2.877514020666189332e+00 1.000000000000000888e+00
1.417474162926804808e-03 9.947539931625566378e-01 9.999976559643781737e-01 1.730573278440927006e-03 1.389680553311406584e-05 3.564730987432535914e-04 1.000000000000000333e-01 2.876983216141817845e+00 1.000000000000010214e+00
1.592282793341092241e-03 9.936950775091289989e-01 9.999971766479237578e-01 1.942630822171501114e-03 1.561061562099154990e-05 3.576025692204201981e-04 1.000000000000003941e-01 2.876342969070604383e+00 1.000000000000000000e+00
1.788649529057435026e-03 9.924257728633396614e-01 9.999965993195222280e-01 2.180359926875523151e-03 1.753577969636654666e-05 3.589627426945688729e-04 1.000000000000005329e-01 2.875570507025999145e+00 1.000000000000000444e+00
2.009233002565048026e-03 9.909057660139058976e-01 9.999959039375548864e-01 2.446757774780086801e-03 1.969836283623107188e-05 3.606006564503806363e-04 9.999999999860302580e-02 2.874638233568389545e+00 1.000000000006049605e+00
2.257019719633919161e-03 9.890876763762846968e-01 9.999950663624243008e-01 2.745132140816246204e-03 2.212764430996304874e-05 3.625728876773538474e-04 1.000000000000011574e-01 2.873512673622580671e+00 1.000000000000000222e+00
2.535364493970111363e-03 9.869161084787385629e-01 9.999940575184056435e-01 3.079119227780933825e-03 2.485651464627367034e-05 3.649474572493858842e-04 1.000000000000016986e-01 2.872153177831146209e+00 1.000000000000000444e+00
2.848035868435802066e-03 9.843267117203671202e-01 9.999928423846146108e-01 3.452696740591431820e-03 2.792192027878198117e-05 3.678060924990541876e-04 1.000000000000024203e-01 2.870510329074537736e+00 1.000000000000000000e+00
3.199267137797384610e-03 9.812453231716671276e-01 9.999913787793099917e-01 3.870189344432599203e-03 3.136536409571942351e-05 3.712469064094217380e-04 1.000000000000035028e-01 2.868523982188892152e+00 1.000000000000000222e+00
3.593813663804625805e-03 9.775873069803611148e-01 9.999896158958049286e-01 4.336262653782035036e-03 3.523346729352609186e-05 3.753875428740104775e-04 1.000000000000053346e-01 2.866120854888423608e+00 1.000000000000001776e+00
4.037017258596553408e-03 9.732572525559208820e-01 9.999874925387338687e-01 4.855900634286538023e-03 3.957860121670781308e-05 3.803688374725940004e-04 9.999999943324967833e-02 2.863211576093382504e+00 1.000000005178375284e+00
4.534878508128581745e-03 9.681492522551283786e-01 9.999849350015443950e-01 5.434359810638308801e-03 4.445959363825645398e-05 3.863590157537334061e-04 9.999999990597110977e-02 2.859687090999530668e+00 1.000000000019385826e+00
5.094138014816380552e-03 9.621480440202190287e-01 9.999818545063591246e-01 6.077092003781160365e-03 4.994252956895524700e-05 3.935584102978209619e-04 9.999999999998863964e-02 2.855414327895430926e+00 1.000000000000085043e+00
5.722367659350220161e-03 9.551313654662220154e-01 9.999781441240259694e-01 6.789625684994507818e-03 5.610164382373407545e-05 4.022046004217111293e-04 9.999999999812968221e-02 2.850231062830308026e+00 1.000000000013293366e+00
6.428073117284318835e-03 9.469739044830312036e-01 9.999736750642220784e-01 7.577394850422920769e-03 6.302032511268880802e-05 4.125777520793086784e-04 9.999999974521811552e-02 2.843939995902728946e+00 1.000000000142997170e+00
7.220809018385464066e-03 9.375532163590795109e-01 9.999682922067240076e-01 8.445504356920581143e-03 7.079224527917943636e-05 4.250057429583340698e-04 1.000000000000456218e-01 2.836302208734125418e+00 1.000000000000000222e+00
8.111308307896872294e-03 9.267578639111320182e-01 9.999618087174172443e-01 9.398423161885669300e-03 7.952263059016484459e-05 4.398683871891146432e-04 9.999999999599908096e-02 2.827030448314756139e+00 1.000000000020203839e+00
9.111627561154887062e-03 9.144977711351910399e-01 9.999539995700158501e-01 1.043960363171927801e-02 8.932968197200707593e-05 4.575997331794661891e-04 1.000000000000937223e-01 2.815783121906029862e+00 1.000000000000000000e+00
1.023531021899026262e-02 9.007163159816546916e-01 9.999445937385994521e-01 1.157103804596181645e-02 1.003461786498745071e-04 4.786870484845366365e-04 1.000000000000075273e-01 2.802160513788006568e+00 1.000000000000649480e+00
1.149756995397735633e-02 8.854030200738673972e-01 9.999332648000038848e-01 1.279278406644390222e-02 1.127212740584098436e-04 5.036648543575613897e-04 1.000000000001947248e-01 2.785705499920470007e+00 1.000000000000000000e+00
1.291549665014883955e-02 8.686049141557400377e-01 9.999196196153420368e-01 1.410251838974300488e-02 1.266225161776030831e-04 5.331024531899145567e-04 1.000000000002806838e-01 2.765911749028388211e+00 1.000000000000000000e+00
1.450828778495939428e-02 8.504340052846710574e-01 9.999031847029635767e-01 1.549520643643202168e-02 1.422381155382722708e-04 5.675840940688889552e-04 1.000000000004046541e-01 2.742242652623978483e+00 1.000000000000000000e+00
1.629750834620644420e-02 8.310681241469566327e-01 9.998833898309834600e-01 1.696299364291120951e-02 1.597794935893611453e-04 6.076824658629677908e-04 1.000000000005833306e-01 2.714163426177452987e+00 1.000000000000000000e+00
1.830738280295367976e-02 8.107431795132129526e-01 9.998595482646361887e-01 1.849541400942756111e-02 1.794841451255293151e-04 6.539284942849210623e-04 1.000000000008409162e-01 2.681186425239755700e+00 1.000000000000000000e+00
2.056512308348651397e-02 7.897366238540656225e-01 9.998308329883326406e-01 2.007996108314140035e-02 2.016188539174798371e-04 7.067827884524680113e-04 1.000000000012123275e-01 2.642925735576385549e+00 9.999999999930094807e-01
2.310129700083159154e-02 7.683443338629255548e-01 9.997962480870036250e-01 2.170297936987065565e-02 2.264833040798205747e-04 7.666153685132468323e-04 1.000000000017476631e-01 2.599152604507369180e+00 9.999999999936619588e-01
2.595024211399735853e-02 7.468551864003489804e-01 9.997545943026461268e-01 2.335073878805607808e-02 2.544141385143836183e-04 8.336994141833832571e-04 1.000000000025194208e-01 2.549840365025645816e+00 9.999999999941652229e-01
2.915053062825175706e-02 7.255283416989847245e-01 9.997044275929695134e-01 2.501049463641191045e-02 2.857895160967791883e-04 9.082215711165545109e-04 1.000000000036320169e-01 2.495188198577046546e+00 9.999999999939928053e-01
3.274549162877728181e-02 7.045772200906025295e-01 9.996440092771332608e-01 2.667134243710092209e-02 3.210342316382532729e-04 9.903070410242462325e-04 1.000000000052359422e-01 2.435617824502761763e+00 1.000000000000000000e+00
3.678379771828632627e-02 6.841619079577015983e-01 9.995712460761583262e-01 2.832474754355875785e-02 3.606254678006684251e-04 1.080054207283105607e-03 1.000000000075487033e-01 2.371744171436170223e+00 1.000000000000002665e+00
4.132012400115336881e-02 6.643893565241273391e-01 9.994836180256697622e-01 2.996472722952737630e-02 4.050992549545678390e-04 1.177572298763251328e-03 1.000000000077686801e-01 2.304327237294550912e+00 1.000000000012040147e+00
4.641588833612779463e-02 6.453191806095045502e-01 9.993780918356101051e-01 3.158774464741408161e-02 4.550577287158888234e-04 1.283016633024078356e-03 1.000000000156870683e-01 2.234215368788214473e+00 1.000000000000000888e+00
5.214008287999684355e-02 6.269724229354022293e-01 9.992510168064377973e-01 3.319241489228326458e-02 5.111772830242378640e-04 1.396618293261988773e-03 1.000000000226145547e-01 2.162289689491912803e+00 1.000000000000001110e+00
5.857020818056667133e-02 6.093410511044354827e-01 9.990979998628212178e-01 3.477912423582815021e-02 5.742177270771484012e-04 1.518707463222985577e-03 1.000000000326011218e-01 2.089416579085545678e+00 1.000000000000000222e+00
6.579332246575679555e-02 5.923967190089975965e-01 9.989137556065114110e-01 3.634964028332267338e-02 6.450325728968021822e-04 1.649731311130393568e-03 1.000000000469980777e-01 2.016411625350243320e+00 1.000000000000000444e+00
7.390722033525778945e-02 5.760980691321575531e-01 9.986919265421857483e-01 3.790676058931592707e-02 7.245805910412118000e-04 1.790268110389006554e-03 1.000000000677528367e-01 1.944015553258366280e+00 1.000000000000000888e+00
8.302175681319744205e-02 5.603963937350870950e-01 9.984248677484693912e-01 3.945402117476479176e-02 8.139387915192146990e-04 1.941039403910104020e-03 1.000000000976516978e-01 1.872880773221985429e+00 1.000000000000089484e+00
9.326033468832199691e-02 5.452397861920789124e-01 9.981033892628355941e-01 4.099546849169430351e-02 9.143170055127901969e-04 2.102921759275727144e-03 1.000000001407273104e-01 1.803566331478073215e+00 1.000000000000146994e+00
1.047615752789665122e-01 5.305760498541354231e-01 9.977164483110904092e-01 4.253548834198579015e-02 1.027074265397572841e-03 2.276959256503010946e-03 1.000000002029878265e-01 1.736538899013861714e+00 1.000000000000000000e+00
1.176811952434997921e-01 5.163546581995264173e-01 9.972507822466588623e-01 4.407868091087637635e-02 1.153737204959645341e-03 2.464377439379794935e-03 1.000000002926287879e-01 1.672177684879575965e+00 1.000000000000000000e+00
1.321941148466028726e-01 5.025280299790154670e-01 9.966904716933899788e-01 4.562977026941254094e-02 1.296020728458985999e-03 2.666599093394696890e-03 1.000000004216718003e-01 1.610781575396632803e+00 1.000000000000020650e+00
1.484968262254464932e-01 4.890523323018459712e-01 9.960164219423431886e-01 4.719353765358137720e-02 1.455851228824188741e-03 2.885261904746889029e-03 1.000000006081524367e-01 1.552577233531237111e+00 1.000000000000000000e+00
1.668100537200059019e-01 4.758879709059534724e-01 9.952057492233948865e-01 4.877476959424910385e-02 1.635392669472813826e-03 3.122237786150007001e-03 1.000000008767184673e-01 1.497727278751302959e+00 1.000000000000000000e+00
1.873817422860382942e-01 4.629998789831082928e-01 9.942310571858966606e-01 5.037821396001455204e-02 1.837075882001804571e-03 3.379653420063382773e-03 1.000000012638858765e-01 1.446337982129595856e+00 1.000000000000000000e+00
2.104904144512019792e-01 4.503576761403216278e-01 9.930595879671710868e-01 5.200853899471531011e-02 2.063631477364738249e-03 3.659911366341607724e-03 1.000000018220301434e-01 1.398466157094969908e+00 1.000000000000000000e+00
2.364489412645407185e-01 4.379357373467253067e-01 9.916522319421201548e-01 5.367029243433579094e-02 2.318126815447237726e-03 3.965710921684524604e-03 1.000000026266563424e-01 1.354125114847892775e+00 1.000000000000000000e+00
2.656087782946686682e-01 4.257131873040748138e-01 9.899623810708128024e-01 5.536785978001262931e-02 2.604007533669602196e-03 4.300067831212475017e-03 1.000000037866131952e-01 1.313289698189697763e+00 1.000000000000000000e+00
2.983647240283340274e-01 4.136738180309735280e-01 9.879346133761678361e-01 5.710542276813761892e-02 2.925144196671606699e-03 4.666331975986077671e-03 1.000000054588181531e-01 1.275900517533325340e+00 1.000000000000000000e+00
3.351602650938840799e-01 4.018059165870821459e-01 9.855032014255358241e-01 5.888692091076720009e-02 3.285884698388870807e-03 5.068202327980305191e-03 1.000000078694846667e-01 1.241867592364305217e+00 1.000000000000000000e+00
3.764935806792467643e-01 3.901019861000668554e-01 9.825904470457128559e-01 6.071602048471884394e-02 3.691113125535160598e-03 5.509738794045395543e-03 1.000000113447241934e-01 1.211073648670262681e+00 1.000000000000000000e+00
4.229242874389498863e-01 3.785583467969056426e-01 9.791048595761474571e-01 6.259609625727337312e-02 4.146315878685424144e-03 5.995371043106389325e-03 1.000000163525509161e-01 1.183377333227345174e+00 1.000000000006387113e+00
4.750810162102798162e-01 3.671746139755159288e-01 9.749392179329948727e-01 6.453023129139112690e-02 4.657655945041620608e-03 6.529904957912281184e-03 1.000000235757997208e-01 1.158616574953568401e+00 1.000000000003693490e+00
5.336699231206306626e-01 3.559530648708504330e-01 9.699685902484664890e-01 6.652123923351031809e-02 5.232056326330785864e-03 7.118527863883099965e-03 1.000000339882406442e-01 1.136612252650550214e+00 1.000000000001683320e+00
5.994842503189409255e-01 3.448979229072332009e-01 9.640484317914573831e-01 6.857171163198519381e-02 5.877293748387796626e-03 7.766814026307210239e-03 1.000000489984197161e-01 1.117172226986724359e+00 1.000000000000368594e+00
6.734150657750821445e-01 3.340146018341872414e-01 9.570129451228104323e-01 7.068409040777307029e-02 6.602103915885445401e-03 8.480731960505643804e-03 1.000000706368696229e-01 1.100095681083928412e+00 1.000000000000780487e+00
7.564633275546290836e-01 3.233089600682946263e-01 9.486739679504552214e-01 7.286076313540146288e-02 7.416299728947356798e-03 9.266654806700729691e-03 1.000001018306707207e-01 1.085177611785907548e+00 1.000000000006361134e+00
8.497534359086438283e-01 3.127866149213926472e-01 9.388207536324488789e-01 7.510417691203773172e-02 8.330904048428709047e-03 1.013137441398800215e-02 1.000001467997626570e-01 1.072213246422532018e+00 1.000000000022706503e+00
9.545484566618337441e-01 3.024523577482506331e-01 9.272211219599781895e-01 7.741696568899143760e-02 9.358298786162485075e-03 1.108211893758080484e-02 1.000002116274876091e-01 1.061002137567297998e+00 1.000000000000000000e+00
1.072267222010323096e+00 2.923096963095613288e-01 9.136245714995235856e-01 7.980208627055615511e-02 1.051239230252601527e-02 1.212657283198927474e-02 1.000003050830853418e-01 1.051351715982111967e+00 1.000000000000000888e+00
1.204503540258782479e+00 2.823605337788149261e-01 8.977680358221480361e-01 8.226295955763458789e-02 1.180880732007112688e-02 1.327289722149870184e-02 1.000004398083303853e-01 1.043080144197937376e+00 1.000000000000000444e+00
1.353047774579806184e+00 2.726049780401142431e-01 8.793849961350690414e-01 8.480361578056690164e-02 1.326509180543343665e-02 1.452974780946180745e-02 1.000006340269482541e-01 1.036018393821009465e+00 1.000000000000000000e+00
1.519911082952933201e+00 2.630412632684723806e-01 8.582185778795439202e-01 8.742884493159611137e-02 1.490095552299783646e-02 1.590628677914027872e-02 1.000009140089798687e-01 1.030011549802363202e+00 1.000000000000000000e+00
1.707352647470690377e+00 2.536657586675244436e-01 8.340389924944903166e-01 9.014435622778144142e-02 1.673853521961988014e-02 1.741218440841916376e-02 1.000013176221919015e-01 1.024919409041980423e+00 1.000000000002441602e+00
1.917910261672488792e+00 2.444730372596306545e-01 8.066651738448603615e-01 9.295695285679907161e-02 1.880269163583548134e-02 1.905760534382167429e-02 1.000018994523700355e-01 1.020616483649027018e+00 1.000000000000006439e+00
2.154434690031884259e+00 2.354559790333045077e-01 7.759896676108516411e-01 9.587473066259817600e-02 2.112134172643428259e-02 2.085317346255701962e-02 1.000027381752738725e-01 1.016991538729751232e+00 1.000000000000003775e+00
2.420128264794381145e+00 2.266058865712555770e-01 7.420047975626068437e-01 9.890731189092882847e-02 2.372582955440262487e-02 2.280990790195818602e-02 1.000039471852953998e-01 1.013946795523456679e+00 1.000000000000004441e+00
2.718588242732939975e+00 2.179125961113563548e-01 7.048270049686140570e-01 1.020661279572731839e-01 2.665133920968348544e-02 2.493912100417894698e-02 1.000056898958845697e-01 1.011396918543655765e+00 1.000000000000002442e+00
3.053855508833415389e+00 2.093645720394930188e-01 6.647153221195271078e-01 1.053647687605945432e-01 2.993735264323410528e-02 2.725226648477227856e-02 1.000082017680883617e-01 1.009267886111821833e+00 1.000000000000013101e+00
3.430469286314919319e+00 2.009489773191563966e-01 6.220795871718706183e-01 1.088194209076051300e-01 3.362815425723222895e-02 2.976072288893439471e-02 1.000118220011165793e-01 1.007495821684924797e+00 1.000000000000011768e+00
3.853528593710527250e+00 1.926517170591481032e-01 5.774746155956569371e-01 1.124494235854662239e-01 3.777338206917064262e-02 3.247549332025798097e-02 1.000170390800707715e-01 1.006025842915755586e+00 1.000000000254259724e+00
4.328761281083057355e+00 1.844574562614587909e-01 5.315783055747966834e-01 1.162779798992236019e-01 4.242862153639387346e-02 3.540679714703322267e-02 1.000245561681842588e-01 1.004810966540010675e+00 1.000000000001954215e+00
4.862601580065353701e+00 1.763496181385256212e-01 4.851543883815108149e-01 1.203330734380935879e-01 4.765603218247490419e-02 3.856352311641961239e-02 1.000353847640128579e-01 1.003811092828684748e+00 1.000000000000090372e+00
5.462277217684342823e+00 1.683103760663252624e-01 4.390036448376996581e-01 1.246486560158074491e-01 5.352498618825058535e-02 4.195250596936352105e-02 1.000509785555411535e-01 1.002992081740314179e+00 1.000000000000010436e+00
6.135907273413169882e+00 1.603206630021765111e-01 3.939099779321360573e-01 1.292661933083773251e-01 6.011268203277390226e-02 4.557758110302875115e-02 1.000734238753017702e-01 1.002324924735702671e+00 1.000000000000093925e+00
6.892612104349694846e+00 1.523602398093587273e-01 3.505889436192525799e-01 1.342366804503310196e-01 6.750466903093579885e-02 4.943836592262856877e-02 1.001057091797438736e-01 1.001785010487623584e+00 1.000000000003127498e+00
7.742636826811269302e+00 1.444078934433088712e-01 3.096457534745380991e-01 1.396232668286550571e-01 7.579517787617431890e-02 5.352871676908749210e-02 1.001521030859903599e-01 1.001351479027855040e+00 1.000000000077276407e+00
8.697490026177835176e+00 1.364418847903776655e-01 2.715475899016243644e-01 1.455046494257896950e-01 8.508709118190359300e-02 5.783482621746843105e-02 1.002186785958379123e-01 1.001006656635595293e+00 1.000000000000022204e+00
9.770099572992245740e+00 1.284408443922140097e-01 2.366120379323801426e-01 1.519793838017922949e-01 9.549130235671535183e-02 6.233297627986452566e-02 1.003140257432264537e-01 1.000735562631989151e+00 1.000000000081284535e+00
1.097498765493056716e+01 1.203854328681819019e-01 2.050104605434777405e-01 1.591711675346219323e-01 1.071251005676291529e-01 6.698708447145587663e-02 1.004501969855468718e-01 1.000525478969490401e+00 1.000000000028460123e+00
1.232846739442065953e+01 1.122612411540460792e-01 1.767829651295256543e-01 1.672348612725385875e-01 1.201090992817885339e-01 7.174643222886761817e-02 1.006439084810488716e-01 1.000365574135929636e+00 1.000000000000245137e+00
1.384886371393871762e+01 1.040635584514664896e-01 1.518605587716973793e-01 1.763623255146300195e-01 1.345621497358998053e-01 7.654443093325925818e-02 1.009179731446378098e-01 1.000246574884762207e+00 1.000000000018991697e+00
1.555676143930472222e+01 9.580461447928555196e-02 1.300901291740636789e-01 1.867857844223440311e-01 1.505937526245337554e-01 8.130001178598561529e-02 1.013028340696909696e-01 1.000160483587556159e+00 1.000000000000001998e+00
1.747528400007682947e+01 8.752329267284844616e-02 1.112586775101467307e-01 1.987742391846907819e-01 1.682939056096887653e-01 8.592405726053473081e-02 1.018378896536273059e-01 1.000100346747850422e+00 1.000000000000000000e+00
1.963040650040272439e+01 7.929544050813602807e-02 9.511444473009735001e-02 2.126162032623187259e-01 1.877213136328950149e-01 9.033344308829280300e-02 1.025720707965942918e-01 1.000060090616532227e+00 1.000000000012173151e+00
2.205130739903045622e+01 7.123948794521296757e-02 8.138390453001277669e-02 2.285827196183707888e-01 2.088924996454714078e-01 9.447302741391397363e-02 1.035629447485344190e-01 1.000034445896830437e+00 1.000000000004395151e+00
2.477076355991708922e+01 6.350910789978032878e-02 6.978482170929854733e-02 2.468733319381112568e-01 2.317760755026335717e-01 9.833985130527692076e-02 1.048736861900140677e-01 1.000018968248714613e+00 1.000000000002179590e+00
2.782559402207125743e+01 5.626753340868698161e-02 6.003643421639685146e-02 2.675650564471699355e-01 2.562969637697343761e-01 1.019966721414085897e-01 1.065677864174575662e-01 1.000010114061318456e+00 1.000000000000981215e+00
3.125715849688235082e+01 4.965015702803873832e-02 5.186801462533664059e-02 2.905962014051746145e-01 2.823532407972633718e-01 1.055627396478077684e-01 1.087023188705906890e-01 1.000005280630496873e+00 1.000000000000043077e+00
3.511191734215127269e+01 4.373403623969891740e-02 4.502650228471225674e-02 3.158026289665623598e-01 3.098435795774100998e-01 1.091834102908641607e-01 1.113214294464833082e-01 1.000002731983308912e+00 1.000000000013272050e+00
3.944206059437656364e+01 3.852974990373636555e-02 3.928295756772019753e-02 3.429901852723497568e-01 3.386986779857554253e-01 1.129948834918545475e-01 1.144517701348893024e-01 1.000001414730158578e+00 1.000000000013689272e+00
4.430621457583877287e+01 3.399474569989132527e-02 3.443700171465762655e-02 3.720080049607393247e-01 3.689089679457338011e-01 1.171002523948801166e-01 1.181006709867069709e-01 1.000000738223782326e+00 9.999999999176253374e-01
4.977023564332113637e+01 3.005573344042139147e-02 3.031859618308881815e-02 4.027983129289006703e-01 4.005440279237412193e-01 1.215612300883264912e-01 1.222565914696329969e-01 1.000000389382855737e+00 1.000000000000011546e+00
5.590810182512222326e+01 2.662874517033679903e-02 2.678722282885491121e-02 4.354199442395403907e-01 4.337638540798527953e-01 1.264004423148882561e-01 1.268906424527249666e-01 1.000000207625701298e+00 1.000000000000000666e+00
6.280291441834246768e+01 2.363226077243284901e-02 2.372916635417969197e-02 4.700552675742560860e-01 4.688253932402781654e-01 1.316075261030415500e-01 1.319580050992573417e-01 1.000000111682060489e+00 1.000000000000000222e+00
7.054802310718645231e+01 2.099382924965816771e-02 2.105382668666472973e-02 5.070114866608133042e-01 5.060885133807775382e-01 1.371448304886647152e-01 1.373985860395008085e-01 1.000000060384942602e+00 9.999999987018123315e-01
7.924828983539168803e+01 1.865234995730525105e-02 1.868985401433358173e-02 5.467236728079737373e-01 5.460246331757356852e-01 1.429512731312546914e-01 1.431368400607557489e-01 1.000000032670983918e+00 9.999999994433751427e-01
8.902150854450393069e+01 1.655802797508480750e-02 1.658160947558003778e-02 5.897629605178111856e-01 5.892297371598345102e-01 1.489445592056868051e-01 1.490811538343435327e-01 1.000000017599094626e+00 9.999999995377911732e-01
1.000000000000000000e+02 1.467133667726741759e-02 1.468618636410933508e-02 6.368504591937705905e-01 6.364418895940758825e-01 1.550227350788590253e-01 1.551235358628609284e-01 1.000000009388412714e+00 9.999999997597853740e-01
