0.000000000000000000e+00 9.993375290230116503e-01 7.200526397814920390e-03 9.911857633774991960e-01 7.283705137004985175e-03
1.010101010101010166e+00 9.227241406585032779e-01 8.175638703220956122e-03 9.155938555269312884e-01 8.261201295232990099e-03
2.020202020202020332e+00 8.543866844679139927e-01 9.232865068096278438e-03 8.481511039273936792e-01 9.326936996579316547e-03
3.030303030303030276e+00 7.932251526474203285e-01 1.037644722285318254e-02 7.877802701883981351e-01 1.048421589557380594e-02
4.040404040404040664e+00 7.385417548854082970e-01 1.161222369269181674e-02 7.335014203231159380e-01 1.173782701559382587e-02
5.050505050505051052e+00 6.893810268421217691e-01 1.295957742335634467e-02 6.843570803683436399e-01 1.309709185637498302e-02
6.060606060606060552e+00 6.434350463869695780e-01 1.445384655617574024e-02 6.395728207944292310e-01 1.457300873000475470e-02
7.070707070707070940e+00 6.018478089540335585e-01 1.605386931046843754e-02 5.984830387540591712e-01 1.617996062654612072e-02
8.080808080808081328e+00 5.628738969322537589e-01 1.783041946787010737e-02 5.605173447626199401e-01 1.793650655972849062e-02
9.090909090909091717e+00 5.277803608166826699e-01 1.971749548333960600e-02 5.250384627496932355e-01 1.987524053191342885e-02
1.010101010101010210e+01 4.939810322545731269e-01 2.188748326392818064e-02 4.917440932295891742e-01 2.202311790802613523e-02
1.111111111111111249e+01 4.622110898596590300e-01 2.428960367207272375e-02 4.603202984952460830e-01 2.441725116378897983e-02
1.212121212121212110e+01 4.322262507384160846e-01 2.696048595313802268e-02 4.304977814792334545e-01 2.710426509586450275e-02
1.313131313131313149e+01 4.032236255044353568e-01 3.000702607965252677e-02 4.020620038565076992e-01 3.014118569604828934e-02
1.414141414141414188e+01 3.756195943531490666e-01 3.350795495360152365e-02 3.746426556614106951e-01 3.362591490552425261e-02
1.515151515151515227e+01 3.488230409600938664e-01 3.759404767687028054e-02 3.483242864050989929e-01 3.762548327152814842e-02
1.616161616161616266e+01 3.233578840616496697e-01 4.226633644130868561e-02 3.230641451816647081e-01 4.223796857443080921e-02
1.717171717171717304e+01 2.983091923253862743e-01 4.776598604506753637e-02 2.988425029858463033e-01 4.757989467010471929e-02
1.818181818181818343e+01 2.743030120467573885e-01 5.419727273075031909e-02 2.756730699862068312e-01 5.378447588556451581e-02
1.919191919191919382e+01 2.513690077669283318e-01 6.191164126944905671e-02 2.534563670111499856e-01 6.105058109081241968e-02
2.020202020202020421e+01 2.295932687709347220e-01 7.093506667340851446e-02 2.324172084881295508e-01 6.949848275248347862e-02
2.121212121212121460e+01 2.090621719576308268e-01 8.140744979417643967e-02 2.126135492379723213e-01 7.929689853510063502e-02
2.222222222222222499e+01 1.897043972496760267e-01 9.378268519941715398e-02 1.940819608276348196e-01 9.062410644778759461e-02
2.323232323232323537e+01 1.718302102168570711e-01 1.083154608033357058e-01 1.768391225168049197e-01 1.036615302275502998e-01
2.424242424242424221e+01 1.550788422739109440e-01 1.251153844298981688e-01 1.608404731052077152e-01 1.186291301232034051e-01
2.525252525252525260e+01 1.398947531134394351e-01 1.441406726611715317e-01 1.461164284325159046e-01 1.356529020124527807e-01
2.626262626262626299e+01 1.267897423409150293e-01 1.648317177657894761e-01 1.326156457406909295e-01 1.548875153088183909e-01
2.727272727272727337e+01 1.154550011288320854e-01 1.863529831208563248e-01 1.202734646728519097e-01 1.764647892852025113e-01
2.828282828282828376e+01 1.060211333464554373e-01 2.081037531854045830e-01 1.090174090386531042e-01 2.004824226141609933e-01
2.929292929292929415e+01 9.819245125417636055e-02 2.289140994403115470e-01 9.876522863858580581e-02 2.270092103039780540e-01
3.030303030303030454e+01 9.185594587299293623e-02 2.482950327016386072e-01 8.944974582663377249e-02 2.560158197258594059e-01
3.131313131313131493e+01 8.646652051378371506e-02 2.667737491475031253e-01 8.099402995366830615e-02 2.874273083054289524e-01
3.232323232323232531e+01 8.179652649712901291e-02 2.845501736869147091e-01 7.332472616391087772e-02 3.210911795293253101e-01
3.333333333333333570e+01 7.766684585368038851e-02 3.017354209522575270e-01 6.637277390426135626e-02 3.567729734347651616e-01
3.434343434343434609e+01 7.389886729512654129e-02 3.187307446457234850e-01 6.007317397083002108e-02 3.941611243915461582e-01
3.535353535353535648e+01 7.038101937659207996e-02 3.359321496492354564e-01 5.436775045935396400e-02 4.328578384438301341e-01
3.636363636363636687e+01 6.699258344998884618e-02 3.536838566602272804e-01 4.920163756176965802e-02 4.724121066539045399e-01
3.737373737373737725e+01 6.373534234578787094e-02 3.723464006490629918e-01 4.452465833300914971e-02 5.123315777529345860e-01
3.838383838383838764e+01 6.046495974490664199e-02 3.920648607196859925e-01 4.029103486341181067e-02 5.521063962070915654e-01
3.939393939393939803e+01 5.713596089114008486e-02 4.138805569077592117e-01 3.645902784460264973e-02 5.912354315315523356e-01
4.040404040404040842e+01 5.372607123097707799e-02 4.380636314979511892e-01 3.299092621621081689e-02 6.292478585383283196e-01
4.141414141414141881e+01 5.010601244185570319e-02 4.656089913830506188e-01 2.985232582665330384e-02 6.657286859408102497e-01
4.242424242424242919e+01 4.618485632178056383e-02 4.984892409013350068e-01 2.701202663318677186e-02 7.003330215663140512e-01
4.343434343434343958e+01 4.182209042313580344e-02 5.381782924292506376e-01 2.444174781933470750e-02 7.327957221209723260e-01
4.444444444444444997e+01 3.681479898151612112e-02 5.878239388833937928e-01 2.211586086703905274e-02 7.629345091668453538e-01
4.545454545454546036e+01 3.102007534168974706e-02 6.524050181333355125e-01 2.001117987550955074e-02 7.906467227047145885e-01
4.646464646464647075e+01 2.441469593582161826e-02 7.334328964371512605e-01 1.810668992083325213e-02 8.159025324562809711e-01
4.747474747474748114e+01 1.774484463781868249e-02 8.208746640657257343e-01 1.638336650434053451e-02 8.387341386747104721e-01
4.848484848484848442e+01 1.211272444965605204e-02 8.919959246462439983e-01 1.482398863177221415e-02 8.592237113872109866e-01
4.949494949494949481e+01 8.010302686722130944e-03 9.423380371059209004e-01 1.341296907192468524e-02 8.774910620285679697e-01
5.050505050505050519e+01 5.209932930070240026e-03 9.705867441154431008e-01 1.213620364977329585e-02 8.936819926776609080e-01
5.151515151515151558e+01 3.373659294757381036e-03 9.852309765710070000e-01 1.098092571324126888e-02 9.079581257187138155e-01
5.252525252525252597e+01 2.174934068936868695e-03 9.927335734087611163e-01 9.935582061794042200e-03 9.204883164933584938e-01
5.353535353535353636e+01 1.401578387859654011e-03 9.964639786950230116e-01 8.989717821629628416e-03 9.314418831662784060e-01
5.454545454545454675e+01 9.020944457227322551e-04 9.982989251232031735e-01 8.133872275966470486e-03 9.409835263064748601e-01
5.555555555555555713e+01 5.806208703447692443e-04 9.991788562712607957e-01 7.359484807758297220e-03 9.492697460736569948e-01
5.656565656565656752e+01 3.736847208648036629e-04 9.996004371258425669e-01 6.658808805203239589e-03 9.564465301258209262e-01
5.757575757575757791e+01 2.404758796097746973e-04 9.998872843202526450e-01 6.024834630734122662e-03 9.626480404750099584e-01
5.858585858585858830e+01 1.547551971659934299e-04 1.000047846774720250e+00 5.451219576283742284e-03 9.679960792334395547e-01
5.959595959595959869e+01 9.958303761782699693e-05 1.000114464575430295e+00 4.932224495096102813e-03 9.726001225020062257e-01
6.060606060606060908e+01 6.405304214832560606e-05 1.000128933809442122e+00 4.462656467748570520e-03 9.765577505766971367e-01
6.161616161616161946e+01 4.121945804252789028e-05 1.000048455561529437e+00 4.037816823721061474e-03 9.799553378097434209e-01
6.262626262626262985e+01 2.651029643235558938e-05 9.999666499670417652e-01 3.653454208785023982e-03 9.828688943338961259e-01
6.363636363636364024e+01 1.703525888007851921e-05 9.979975142788117815e-01 3.305722079652596238e-03 9.853649822056040897e-01
6.464646464646465063e+01 1.097318381674285296e-05 9.989417764230797969e-01 2.991140248884460555e-03 9.875016490502670496e-01
6.565656565656566102e+01 7.012282289309429812e-06 9.948574447352573902e-01 2.706560090299901886e-03 9.893293404801148938e-01
6.666666666666667140e+01 4.543113738812576741e-06 9.990763076481158356e-01 2.449133049425068678e-03 9.908917661517422371e-01
6.767676767676768179e+01 2.921777285701503581e-06 9.973886024108775672e-01 2.216282165877703474e-03 9.922267042990248198e-01
6.868686868686869218e+01 1.887444414630934186e-06 1.000037550001472653e+00 2.005676306417346864e-03 9.933667371962027204e-01
6.969696969696970257e+01 1.207877015742401573e-06 9.990022771674801350e-01 1.815206856257473109e-03 9.943399150247996809e-01
7.070707070707071296e+01 7.743900492344215101e-07 9.963566334899268684e-01 1.642966635054483003e-03 9.951703491575353278e-01
7.171717171717172334e+01 4.996325027455414642e-07 9.973586288522361398e-01 1.487230825984034183e-03 9.958787381234085467e-01
7.272727272727273373e+01 3.140977435107195267e-07 9.950344671410993325e-01 1.346439729693734095e-03 9.964828308452894357e-01
7.373737373737374412e+01 2.086153460417689715e-07 1.000085100596319387e+00 1.219183168684635039e-03 9.969978324595766273e-01
7.474747474747475451e+01 1.946527378180638265e-07 1.000676190232418161e+00 1.104186386836766235e-03 9.974367582619110273e-01
7.575757575757576490e+01 1.946527378180638265e-07 1.000676190232418161e+00 1.000297303060411220e-03 9.978107412761728634e-01
7.676767676767677528e+01 1.946527378180638265e-07 1.000676190232418161e+00 9.064749914080202356e-04 9.981292987034507957e-01
7.777777777777778567e+01 1.946527378180638265e-07 1.000676190232418161e+00 8.217792728622331545e-04 9.984005621512687112e-01
7.878787878787879606e+01 1.946527378180638265e-07 1.000676190232418161e+00 7.453613144372260883e-04 9.986314761330619127e-01
7.979797979797980645e+01 1.946527378180638265e-07 1.000676190232418161e+00 6.764551416138376953e-04 9.988279688919945443e-01
8.080808080808081684e+01 1.946527378180638265e-07 1.000676190232418161e+00 6.143699794344676919e-04 9.989950991710729866e-01
8.181818181818182723e+01 1.946527378180638265e-07 1.000676190232418161e+00 5.584833453454230746e-04 9.991371821396571873e-01
8.282828282828283761e+01 1.946527378180638265e-07 1.000676190232418161e+00 5.082348249356639274e-04 9.992578972988852559e-01
8.383838383838384800e+01 1.946527378180638265e-07 1.000676190232418161e+00 4.631204684797950210e-04 9.993603808351574358e-01
8.484848484848485839e+01 1.946527378180638265e-07 1.000676190232418161e+00 4.226877519021704499e-04 9.994473045720133619e-01
8.585858585858586878e+01 1.946527378180638265e-07 1.000676190232418161e+00 3.865310519143310862e-04 9.995209433830143375e-01
8.686868686868687917e+01 1.946527378180638265e-07 1.000676190232418161e+00 3.542875902551258140e-04 9.995832326740269336e-01
8.787878787878788955e+01 1.946527378180638265e-07 1.000676190232418161e+00 3.256338062520825979e-04 9.996358173198371944e-01
8.888888888888889994e+01 1.946527378180638265e-07 1.000676190232418161e+00 3.002821216683834531e-04 9.996800932422514885e-01
8.989898989898991033e+01 1.946527378180638265e-07 1.000676190232418161e+00 2.779780647205090769e-04 9.997172426468798889e-01
9.090909090909092072e+01 1.946527378180638265e-07 1.000676190232418161e+00 2.584977262913202190e-04 9.997482637822275864e-01
9.191919191919193111e+01 1.946527378180638265e-07 1.000676190232418161e+00 2.416455206690308610e-04 9.997739959629414752e-01
9.292929292929294149e+01 1.946527378180638265e-07 1.000676190232418161e+00 2.272522299303080277e-04 9.997951404819245269e-01
9.393939393939395188e+01 1.946527378180638265e-07 1.000676190232418161e+00 2.151733119461854166e-04 9.998122779452430775e-01
9.494949494949496227e+01 1.946527378180638265e-07 1.000676190232418161e+00 2.052874550292467190e-04 9.998258824827110924e-01
9.595959595959597266e+01 1.946527378180638265e-07 1.000676190232418161e+00 1.974953651554641669e-04 9.998363332178690221e-01
9.696969696969696884e+01 1.946527378180638265e-07 1.000676190232418161e+00 1.917187729507779915e-04 9.998439233229188261e-01
9.797979797979797922e+01 1.946527378180638265e-07 1.000676190232418161e+00 1.878996509800343344e-04 9.998488669287316499e-01
9.898989898989898961e+01 1.946527378180638265e-07 1.000676190232418161e+00 1.859996336707498842e-04 9.998513041093137765e-01
1.000000000000000000e+02 1.946527378180638265e-07 1.000676190232418161e+00 1.859996336707498842e-04 9.998513041093137765e-01
