0.000000000000000000e+00 9.993674259832748819e-01 7.189223268473259043e-03 9.985000897199067804e-01 7.199144801268302779e-03
1.010101010101010166e+00 9.231990754523802245e-01 8.153477741413501026e-03 9.221684546870448917e-01 8.167942038444748337e-03
2.020202020202020332e+00 8.545083631398082691e-01 9.217192658409100597e-03 8.539986983298923917e-01 9.225913544448764367e-03
3.030303030303030276e+00 7.935814495998074758e-01 1.036313808191311608e-02 7.930484278137253096e-01 1.037416812564279263e-02
4.040404040404040664e+00 7.387503135208692839e-01 1.160623106091140597e-02 7.382346468618988800e-01 1.161905328367086529e-02
5.050505050505051052e+00 6.892440129748507172e-01 1.295076172778357980e-02 6.886697219114624735e-01 1.296782013333090330e-02
6.060606060606060552e+00 6.441535275541722116e-01 1.440995054063112443e-02 6.435287494730030922e-01 1.443201612731283452e-02
7.070707070707070940e+00 6.028540863077860301e-01 1.599567836338650767e-02 6.020809064003963540e-01 1.602802733302215177e-02
8.080808080808081328e+00 5.646476239307122169e-01 1.773077654803205047e-02 5.637286476506661037e-01 1.777621952618751999e-02
9.090909090909091717e+00 5.292066637812263830e-01 1.963028935984567624e-02 5.281313319370420922e-01 1.969301376938807982e-02
1.010101010101010210e+01 4.959143459161852174e-01 2.173399958405642859e-02 4.946406277977921095e-01 2.182165092403033982e-02
1.111111111111111249e+01 4.646644088013123786e-01 2.406183134464315657e-02 4.631321362559717714e-01 2.418623679805263077e-02
1.212121212121212110e+01 4.349815570212727800e-01 2.667054851097815787e-02 4.330732427943625451e-01 2.685376054444285621e-02
1.313131313131313149e+01 4.069192617556758318e-01 2.958461167161122174e-02 4.044309037141635144e-01 2.986765152326303213e-02
1.414141414141414188e+01 3.800573200874698965e-01 3.288785397530438748e-02 3.769803205687233816e-01 3.330403002207263374e-02
1.515151515151515227e+01 3.546541345718173810e-01 3.659598822337125495e-02 3.506452634300175064e-01 3.724264079176251713e-02
1.616161616161616266e+01 3.305107207675646031e-01 4.078746979622763918e-02 3.252902355542808266e-01 4.179576538116759610e-02
1.717171717171717304e+01 3.077711867862737427e-01 4.549042985825565294e-02 3.009296688627522420e-01 4.707784141359813018e-02
1.818181818181818343e+01 2.865370037203521236e-01 5.072289384676331031e-02 2.776230886778231488e-01 5.321344762700026126e-02
1.919191919191919382e+01 2.669254663055153909e-01 5.647119955072473635e-02 2.553430713960235798e-01 6.037396506192259371e-02
2.020202020202020421e+01 2.490158573518875262e-01 6.269181813080165755e-02 2.342878476585918412e-01 6.867366647694973791e-02
2.121212121212121460e+01 2.329142525676334008e-01 6.927778483021143630e-02 2.143061260165567694e-01 7.837565384998795848e-02
2.222222222222222499e+01 2.185606935195361644e-01 7.613380663213353827e-02 1.956394963101203699e-01 8.957574329316861372e-02
2.323232323232323537e+01 2.058598038565491728e-01 8.315029652401784155e-02 1.782164223046870943e-01 1.025139068985974899e-01
2.424242424242424221e+01 1.946153763576697338e-01 9.026288543977345480e-02 1.621210212661430561e-01 1.173090278553281240e-01
2.525252525252525260e+01 1.846708141163624362e-01 9.739447691888815373e-02 1.473268053882065276e-01 1.341128380438390832e-01
2.626262626262626299e+01 1.758383805624540996e-01 1.045081919915765156e-01 1.336673418217339815e-01 1.532405046461052245e-01
2.727272727272727337e+01 1.679360962040284122e-01 1.115958186052075363e-01 1.211448382977766136e-01 1.747926827979401632e-01
2.828282828282828376e+01 1.608392311804276997e-01 1.186304217464547867e-01 1.098866729408591453e-01 1.984535207282900060e-01
2.929292929292929415e+01 1.544627803594489368e-01 1.255658912878501454e-01 9.954981354553804618e-02 2.247955423738695058e-01
3.030303030303030454e+01 1.486347110763677204e-01 1.324792615443250721e-01 9.013557002003490248e-02 2.536952828670622218e-01
3.131313131313131493e+01 1.432837900274941401e-01 1.393672619924054834e-01 8.159337174790873282e-02 2.850175892759703178e-01
3.232323232323232531e+01 1.383133441295865962e-01 1.462811612198547939e-01 7.386101303394770889e-02 3.185550262884560002e-01
3.333333333333333570e+01 1.337726131770005933e-01 1.530771467833648980e-01 6.686381305180842671e-02 3.540713487113642532e-01
3.434343434343434609e+01 1.294983859969528472e-01 1.599345314534099949e-01 6.052596406956974040e-02 3.912960179786493242e-01
3.535353535353535648e+01 1.254782652472703208e-01 1.668300107811926669e-01 5.478677423968025817e-02 4.298449368983140451e-01
3.636363636363636687e+01 1.216533426267203677e-01 1.738281849652662803e-01 4.959709592226858171e-02 4.692211542625766563e-01
3.737373737373737725e+01 1.180518460535773390e-01 1.808414537382581899e-01 4.489390179791265950e-02 5.090298598820315323e-01
3.838383838383838764e+01 1.146308007530270068e-01 1.879159183768118191e-01 4.062495248438593304e-02 5.488389395108818070e-01
3.939393939393939803e+01 1.113854063999946270e-01 1.950285398512177082e-01 3.676266892401813119e-02 5.880248126441989243e-01
4.040404040404040842e+01 1.082844811927365647e-01 2.022178949987218921e-01 3.326892945840789761e-02 6.261104782501805133e-01
4.141414141414141881e+01 1.052454693286214438e-01 2.096647503161758741e-01 3.010699250724938741e-02 6.626975937960067897e-01
4.242424242424242919e+01 1.023917969264969280e-01 2.170452395135885615e-01 2.724505923647824179e-02 6.974409502978173858e-01
4.343434343434343958e+01 9.960244233973318539e-02 2.246482252546382063e-01 2.465220319534478996e-02 7.301013639150679690e-01
4.444444444444444997e+01 9.688823124848851276e-02 2.324409603296017368e-01 2.230829257507570273e-02 7.604185327797111649e-01
4.545454545454546036e+01 9.430089430975166498e-02 2.402562581683986842e-01 2.018683596412836415e-02 7.883229313215888157e-01
4.646464646464647075e+01 9.174958477933035927e-02 2.483569378416845275e-01 1.826685769014529254e-02 8.137767410393617062e-01
4.747474747474748114e+01 8.928094796590603510e-02 2.565918304356024082e-01 1.652921544747077906e-02 8.368070277288158776e-01
4.848484848484848442e+01 8.686228485614147510e-02 2.650625093367411367e-01 1.495667042623524678e-02 8.574905054682787631e-01
4.949494949494949481e+01 8.452251210920437574e-02 2.736595666336040789e-01 1.353355763800131832e-02 8.759434030291149975e-01
5.050505050505050519e+01 8.223338814738861968e-02 2.824771053334449999e-01 1.224571710153708054e-02 8.923087062466833475e-01
5.151515151515151558e+01 7.999290633037271780e-02 2.915199008446794915e-01 1.108031590275969543e-02 9.067463173787303488e-01
5.252525252525252597e+01 7.780270569680652892e-02 3.007773846005439844e-01 1.002735568973312126e-02 9.194050268524972536e-01
5.353535353535353636e+01 7.564893926891437526e-02 3.103066206695985207e-01 9.075416968187463573e-03 9.304661962731063385e-01
5.454545454545454675e+01 7.351329168708205242e-02 3.201961111358730960e-01 8.211507976943923162e-03 9.401338585198996123e-01
5.555555555555555713e+01 7.147375442890196995e-02 3.300725031006156995e-01 7.429868258735022185e-03 9.485313890535197467e-01
5.656565656565656752e+01 6.945530261839828745e-02 3.402846187513781651e-01 6.722661762876458620e-03 9.558060511936979919e-01
5.757575757575757791e+01 6.745526923382680340e-02 3.508556456365127807e-01 6.082800181370143916e-03 9.620933031567673321e-01
5.858585858585858830e+01 6.548633628815589414e-02 3.617244673241872821e-01 5.503876850587813285e-03 9.675161656028001822e-01
5.959595959595959869e+01 6.354862966633950672e-02 3.728911125572719754e-01 4.980097225279469728e-03 9.721852773680187410e-01
6.060606060606060908e+01 6.165961529922381335e-02 3.842480393580715581e-01 4.506216319882693638e-03 9.761993399995072540e-01
6.161616161616161946e+01 5.971761598233638058e-02 3.964313282062816302e-01 4.077489342544237012e-03 9.796457603179121731e-01
6.262626262626262985e+01 5.784736545068144831e-02 4.086737335460398635e-01 3.689622961883630512e-03 9.826014947285829360e-01
6.363636363636364024e+01 5.600201602775209397e-02 4.212649094882111589e-01 3.338732652391707134e-03 9.851339595956374318e-01
6.464646464646465063e+01 5.418945306909300069e-02 4.341484286285128835e-01 3.021302924175804042e-03 9.873019721941537208e-01
6.565656565656566102e+01 5.241491238400278890e-02 4.472772890053106076e-01 2.734153778208094770e-03 9.891566554332901218e-01
6.666666666666667140e+01 5.058972698879066893e-02 4.613337357358452961e-01 2.474405754567359384e-03 9.907423296782534861e-01
6.767676767676768179e+01 4.876145808197143716e-02 4.759968907482695633e-01 2.239453670824438723e-03 9.920973059788302795e-01
6.868686868686869218e+01 4.693453932936016149e-02 4.912525305462794867e-01 2.026937456924721073e-03 9.932546457327389167e-01
6.969696969696970257e+01 4.508945913766044394e-02 5.072918646035076140e-01 1.834794884534756256e-03 9.942424467366171026e-01
7.070707070707071296e+01 4.323255358474668159e-02 5.240941324445903549e-01 1.660929943653348178e-03 9.950860087173690749e-01
7.171717171717172334e+01 4.134565753979337760e-02 5.418635621574572347e-01 1.504006601838149201e-03 9.958044267542032202e-01
7.272727272727273373e+01 3.941267497244207996e-02 5.608095997498466767e-01 1.362369103572258619e-03 9.964162630916866270e-01
7.373737373737374412e+01 3.743401659161468137e-02 5.809935794791943886e-01 1.234162556771974248e-03 9.969387844130144227e-01
7.474747474747475451e+01 3.540345402473232123e-02 6.025444633631368285e-01 1.118301908630020764e-03 9.973842717218509568e-01
7.575757575757576490e+01 3.337876086080561466e-02 6.248752815948139805e-01 1.013658204806273900e-03 9.977638764533182103e-01
7.676767676767677528e+01 3.119647443990902422e-02 6.498699549185228408e-01 9.191456218338601297e-04 9.980873700309058627e-01
7.777777777777778567e+01 2.896523898895266708e-02 6.763813221617916982e-01 8.347164832194425366e-04 9.983601544855807974e-01
7.878787878787879606e+01 2.671084543328177199e-02 7.040841272658964201e-01 7.576904757955706853e-04 9.985951319221455513e-01
7.979797979797980645e+01 2.434436022881534753e-02 7.340445417831857888e-01 6.870796132973220520e-04 9.987984157086819970e-01
8.080808080808081684e+01 2.200431747333357266e-02 7.643945000049617855e-01 6.244521125924287113e-04 9.989686137206176264e-01
8.181818181818182723e+01 1.971883186241792790e-02 7.945173544070329719e-01 5.687958305692041028e-04 9.991115749971009041e-01
8.282828282828283761e+01 1.750074410986566381e-02 8.239418690722204452e-01 5.180320901685594439e-04 9.992348960415973202e-01
8.383838383838384800e+01 1.540062886387718807e-02 8.516756106570794183e-01 4.713046669270627015e-04 9.993422135313834165e-01
8.484848484848485839e+01 1.345818634916352147e-02 8.769110678218023924e-01 4.308069640256071667e-04 9.994302318300375410e-01
8.585858585858586878e+01 1.167891442126487399e-02 8.993807392979155102e-01 3.947795711792302111e-04 9.995044917744259072e-01
8.686868686868687917e+01 1.009371771400273052e-02 9.186195752206300913e-01 3.617550274134644105e-04 9.995690964473750162e-01
8.787878787878788955e+01 8.701199376536072894e-03 9.347004146050014173e-01 3.328170231497921505e-04 9.996228848133847933e-01
8.888888888888889994e+01 7.490778461556006108e-03 9.478899478906436249e-01 3.070620914843393999e-04 9.996684631745185179e-01
8.989898989898991033e+01 6.450634767471236965e-03 9.585148846876266893e-01 2.847558245247104234e-04 9.997061356070552351e-01
9.090909090909092072e+01 5.570910244966932254e-03 9.669019294622767102e-01 2.650116568779564349e-04 9.997380412223660917e-01
9.191919191919193111e+01 4.826038391528317956e-03 9.735129227326861923e-01 2.479582016121492844e-04 9.997644787664000665e-01
9.292929292929294149e+01 4.215393230133071024e-03 9.785571544033454527e-01 2.336388343327226085e-04 9.997858542603503818e-01
9.393939393939395188e+01 3.706906656646829189e-03 9.824732088741799929e-01 2.216032392330062747e-04 9.998032250078342509e-01
9.494949494949496227e+01 3.305540720643835011e-03 9.853662479287678133e-01 2.112895452990742353e-04 9.998176683300222800e-01
9.595959595959597266e+01 2.996207224793821008e-03 9.874681840692510759e-01 2.034187859694705741e-04 9.998284107983843594e-01
9.696969696969696884e+01 2.770967486166463906e-03 9.889247331614675618e-01 1.975908405283826642e-04 9.998362066367404433e-01
9.797979797979797922e+01 2.623872365028140276e-03 9.898408429819292031e-01 1.937388575116445581e-04 9.998412844131673305e-01
9.898989898989898961e+01 2.551318934001173613e-03 9.902821935467964742e-01 1.918224375367311781e-04 9.998437883059033693e-01
1.000000000000000000e+02 2.551318934001173613e-03 9.902821935467964742e-01 1.918224375367311781e-04 9.998437883059033693e-01
