0.000000000000000000e+00 9.993582279984429828e-01 7.189328368601509596e-03 9.911857633774991960e-01 7.283705137004985175e-03
1.010101010101010166e+00 9.229307692836816734e-01 8.157239295037381835e-03 9.155938555269312884e-01 8.261201295232990099e-03
2.020202020202020332e+00 8.547638992483352904e-01 9.212825204357297584e-03 8.481511039273936792e-01 9.326936996579316547e-03
3.030303030303030276e+00 7.937724210007521819e-01 1.035919085574763844e-02 7.877802701883981351e-01 1.048421589557380594e-02
4.040404040404040664e+00 7.389659651389817174e-01 1.160087561083048002e-02 7.335014203231159380e-01 1.173782701559382587e-02
5.050505050505051052e+00 6.894102362419438634e-01 1.294583111246268119e-02 6.843570803683436399e-01 1.309709185637498302e-02
6.060606060606060552e+00 6.442953090603683597e-01 1.440495078133650388e-02 6.395728207944292310e-01 1.457300873000475470e-02
7.070707070707070940e+00 6.029512534933401113e-01 1.599162047562062774e-02 5.984830387540591712e-01 1.617996062654612072e-02
8.080808080808081328e+00 5.648058068314134594e-01 1.772297343703843620e-02 5.605173447626199401e-01 1.793650655972849062e-02
9.090909090909091717e+00 5.293278188233615511e-01 1.962324261074936335e-02 5.250384627496932355e-01 1.987524053191342885e-02
1.010101010101010210e+01 4.960310446095522185e-01 2.172599739518629725e-02 4.917440932295891742e-01 2.202311790802613523e-02
1.111111111111111249e+01 4.646994348291900168e-01 2.405899967026625674e-02 4.603202984952460830e-01 2.441725116378897983e-02
1.212121212121212110e+01 4.350820459837289045e-01 2.666095681626522162e-02 4.304977814792334545e-01 2.710426509586450275e-02
1.313131313131313149e+01 4.069909888936150133e-01 2.957651726412751855e-02 4.020620038565076992e-01 3.014118569604828934e-02
1.414141414141414188e+01 3.802405388436599365e-01 3.286333771265970843e-02 3.746426556614106951e-01 3.362591490552425261e-02
1.515151515151515227e+01 3.547212533865989892e-01 3.658531584279989951e-02 3.483242864050989929e-01 3.762548327152814842e-02
1.616161616161616266e+01 3.305707402940317174e-01 4.077610573933602295e-02 3.230641451816647081e-01 4.223796857443080921e-02
1.717171717171717304e+01 3.078453122314141477e-01 4.547370380468147150e-02 2.988425029858463033e-01 4.757989467010471929e-02
1.818181818181818343e+01 2.866356236663616941e-01 5.069639169893225966e-02 2.756730699862068312e-01 5.378447588556451581e-02
1.919191919191919382e+01 2.670362134999701986e-01 5.643584957404629981e-02 2.534563670111499856e-01 6.105058109081241968e-02
2.020202020202020421e+01 2.491615604820667240e-01 6.263684980119633983e-02 2.324172084881295508e-01 6.949848275248347862e-02
2.121212121212121460e+01 2.330660787288884039e-01 6.921059396409717790e-02 2.126135492379723213e-01 7.929689853510063502e-02
2.222222222222222499e+01 2.187034553963364825e-01 7.606035949908919458e-02 1.940819608276348196e-01 9.062410644778759461e-02
2.323232323232323537e+01 2.059661282910054403e-01 8.308733953659341864e-02 1.768391225168049197e-01 1.036615302275502998e-01
2.424242424242424221e+01 1.947156828348612645e-01 9.019521476507906532e-02 1.608404731052077152e-01 1.186291301232034051e-01
2.525252525252525260e+01 1.847769205234739143e-01 9.731372136774278647e-02 1.461164284325159046e-01 1.356529020124527807e-01
2.626262626262626299e+01 1.759470977958588755e-01 1.044156849610928528e-01 1.326156457406909295e-01 1.548875153088183909e-01
2.727272727272727337e+01 1.680626751333192115e-01 1.114763672538691408e-01 1.202734646728519097e-01 1.764647892852025113e-01
2.828282828282828376e+01 1.609798468011940931e-01 1.184843196293439149e-01 1.090174090386531042e-01 2.004824226141609933e-01
2.929292929292929415e+01 1.545733083111288375e-01 1.254402918340729312e-01 9.876522863858580581e-02 2.270092103039780540e-01
3.030303030303030454e+01 1.487328949750513218e-01 1.323578897141096944e-01 8.944974582663377249e-02 2.560158197258594059e-01
3.131313131313131493e+01 1.433752653097428442e-01 1.392448373204369649e-01 8.099402995366830615e-02 2.874273083054289524e-01
3.232323232323232531e+01 1.384309577204970720e-01 1.461114207747964411e-01 7.332472616391087772e-02 3.210911795293253101e-01
3.333333333333333570e+01 1.338422976478637061e-01 1.529691610160232307e-01 6.637277390426135626e-02 3.567729734347651616e-01
3.434343434343434609e+01 1.295517933569088898e-01 1.598459205219519008e-01 6.007317397083002108e-02 3.941611243915461582e-01
3.535353535353535648e+01 1.255157603629477037e-01 1.667635811126454704e-01 5.436775045935396400e-02 4.328578384438301341e-01
3.636363636363636687e+01 1.217124409921270384e-01 1.737166249428508946e-01 4.920163756176965802e-02 4.724121066539045399e-01
3.737373737373737725e+01 1.181140752542629013e-01 1.807165894562902109e-01 4.452465833300914971e-02 5.123315777529345860e-01
3.838383838383838764e+01 1.146970671478893949e-01 1.877748635665677512e-01 4.029103486341181067e-02 5.521063962070915654e-01
3.939393939393939803e+01 1.114290355277576389e-01 1.949301974063939735e-01 3.645902784460264973e-02 5.912354315315523356e-01
4.040404040404040842e+01 1.082919339294058508e-01 2.022001324046970305e-01 3.299092621621081689e-02 6.292478585383283196e-01
4.141414141414141881e+01 1.052838846925892163e-01 2.095680188910626351e-01 2.985232582665330384e-02 6.657286859408102497e-01
4.242424242424242919e+01 1.023920344628987955e-01 2.170446087986382944e-01 2.701202663318677186e-02 7.003330215663140512e-01
4.343434343434343958e+01 9.960513386225534893e-02 2.246406951517101180e-01 2.444174781933470750e-02 7.327957221209723260e-01
4.444444444444444997e+01 9.689963036967134957e-02 2.324073819666273300e-01 2.211586086703905274e-02 7.629345091668453538e-01
4.545454545454546036e+01 9.426868004488946073e-02 2.403560493678575938e-01 2.001117987550955074e-02 7.906467227047145885e-01
4.646464646464647075e+01 9.171671697174924032e-02 2.484639608515352704e-01 1.810668992083325213e-02 8.159025324562809711e-01
4.747474747474748114e+01 8.923680642830793264e-02 2.567427800352329870e-01 1.638336650434053451e-02 8.387341386747104721e-01
4.848484848484848442e+01 8.682271014638752449e-02 2.652045591497225185e-01 1.482398863177221415e-02 8.592237113872109866e-01
4.949494949494949481e+01 8.445386912325311690e-02 2.739180073327487919e-01 1.341296907192468524e-02 8.774910620285679697e-01
5.050505050505050519e+01 8.212973740789715482e-02 2.828862621034605729e-01 1.213620364977329585e-02 8.936819926776609080e-01
5.151515151515151558e+01 7.985642167150121262e-02 2.920844844901567261e-01 1.098092571324126888e-02 9.079581257187138155e-01
5.252525252525252597e+01 7.762959817375916782e-02 3.015273748137670129e-01 9.935582061794042200e-03 9.204883164933584938e-01
5.353535353535353636e+01 7.544527398316004663e-02 3.112304323937739037e-01 8.989717821629628416e-03 9.314418831662784060e-01
5.454545454545454675e+01 7.328330696766222063e-02 3.212882702103656563e-01 8.133872275966470486e-03 9.409835263064748601e-01
5.555555555555555713e+01 7.114776879951593969e-02 3.316917070487931385e-01 7.359484807758297220e-03 9.492697460736569948e-01
5.656565656565656752e+01 6.904466064187242402e-02 3.424175718636421339e-01 6.658808805203239589e-03 9.564465301258209262e-01
5.757575757575757791e+01 6.697090954870731083e-02 3.534859772458966432e-01 6.024834630734122662e-03 9.626480404750099584e-01
5.858585858585858830e+01 6.492362170405857613e-02 3.649182204395852169e-01 5.451219576283742284e-03 9.679960792334395547e-01
5.959595959595959869e+01 6.288169597746835759e-02 3.768465542766525900e-01 4.932224495096102813e-03 9.726001225020062257e-01
6.060606060606060908e+01 6.085343389229248140e-02 3.892418260130818264e-01 4.462656467748570520e-03 9.765577505766971367e-01
6.161616161616161946e+01 5.884410032918371142e-02 4.020856741474381213e-01 4.037816823721061474e-03 9.799553378097434209e-01
6.262626262626262985e+01 5.685140687092545692e-02 4.154048152022473683e-01 3.653454208785023982e-03 9.828688943338961259e-01
6.363636363636364024e+01 5.487323826939585064e-02 4.292267395764638449e-01 3.305722079652596238e-03 9.853649822056040897e-01
6.464646464646465063e+01 5.288721352696378053e-02 4.437320531583267003e-01 2.991140248884460555e-03 9.875016490502670496e-01
6.565656565656566102e+01 5.090599601977137401e-02 4.588569612494984296e-01 2.706560090299901886e-03 9.893293404801148938e-01
6.666666666666667140e+01 4.893450205821356369e-02 4.745834740629630288e-01 2.449133049425068678e-03 9.908917661517422371e-01
6.767676767676768179e+01 4.697167143506036924e-02 4.909363249001060248e-01 2.216282165877703474e-03 9.922267042990248198e-01
6.868686868686869218e+01 4.501684688491686126e-02 5.079363397616374343e-01 2.005676306417346864e-03 9.933667371962027204e-01
6.969696969696970257e+01 4.304877482520786530e-02 5.257937400030182618e-01 1.815206856257473109e-03 9.943399150247996809e-01
7.070707070707071296e+01 4.108405256056714416e-02 5.443833982566769203e-01 1.642966635054483003e-03 9.951703491575353278e-01
7.171717171717172334e+01 3.912972979568957177e-02 5.636466777784721049e-01 1.487230825984034183e-03 9.958787381234085467e-01
7.272727272727273373e+01 3.718798969306290336e-02 5.835595192031711731e-01 1.346439729693734095e-03 9.964828308452894357e-01
7.373737373737374412e+01 3.526193861526783629e-02 6.040780226352649995e-01 1.219183168684635039e-03 9.969978324595766273e-01
7.474747474747475451e+01 3.333992711000487164e-02 6.253117390743766491e-01 1.104186386836766235e-03 9.974367582619110273e-01
7.575757575757576490e+01 3.143760491758727793e-02 6.470618809168362517e-01 1.000297303060411220e-03 9.978107412761728634e-01
7.676767676767677528e+01 2.956916886443209519e-02 6.691131587429970384e-01 9.064749914080202356e-04 9.981292987034507957e-01
7.777777777777778567e+01 2.774196468219165823e-02 6.913045845647427523e-01 8.217792728622331545e-04 9.984005621512687112e-01
7.878787878787879606e+01 2.596392907004806822e-02 7.134495285554185440e-01 7.453613144372260883e-04 9.986314761330619127e-01
7.979797979797980645e+01 2.424218854523830374e-02 7.353560577219104832e-01 6.764551416138376953e-04 9.988279688919945443e-01
8.080808080808081684e+01 2.257567877866878056e-02 7.569285850382294623e-01 6.143699794344676919e-04 9.989950991710729866e-01
8.181818181818182723e+01 2.098583196246908700e-02 7.777745754275713352e-01 5.584833453454230746e-04 9.991371821396571873e-01
8.282828282828283761e+01 1.947932186915202202e-02 7.976909148273435557e-01 5.082348249356639274e-04 9.992578972988852559e-01
8.383838383838384800e+01 1.806166073969298416e-02 8.165001413352781512e-01 4.631204684797950210e-04 9.993603808351574358e-01
8.484848484848485839e+01 1.673705423901252973e-02 8.340585856848796720e-01 4.226877519021704499e-04 9.994473045720133619e-01
8.585858585858586878e+01 1.550836159855402407e-02 8.502612319234841287e-01 3.865310519143310862e-04 9.995209433830143375e-01
8.686868686868687917e+01 1.437715153505105502e-02 8.650430444684599207e-01 3.542875902551258140e-04 9.995832326740269336e-01
8.787878787878788955e+01 1.334383428969404366e-02 8.783770548460750893e-01 3.256338062520825979e-04 9.996358173198371944e-01
8.888888888888889994e+01 1.240784531825643577e-02 8.902698953928827041e-01 3.002821216683834531e-04 9.996800932422514885e-01
8.989898989898991033e+01 1.156785631545456661e-02 9.007556548872535096e-01 2.779780647205090769e-04 9.997172426468798889e-01
9.090909090909092072e+01 1.082199287401194518e-02 9.098889270581796973e-01 2.584977262913202190e-04 9.997482637822275864e-01
9.191919191919193111e+01 1.016804340128041328e-02 9.177377842363878546e-01 2.416455206690308610e-04 9.997739959629414752e-01
9.292929292929294149e+01 9.603649468019155241e-03 9.243772042652061982e-01 2.272522299303080277e-04 9.997951404819245269e-01
9.393939393939395188e+01 9.124228511696232113e-03 9.299089155583620814e-01 2.151733119461854166e-04 9.998122779452430775e-01
9.494949494949496227e+01 8.729359157143954870e-03 9.343841945817092931e-01 2.052874550292467190e-04 9.998258824827110924e-01
9.595959595959597266e+01 8.416363282541985957e-03 9.378761905386356901e-01 1.974953651554641669e-04 9.998363332178690221e-01
9.696969696969696884e+01 8.183530109069062433e-03 9.404404373499301029e-01 1.917187729507779915e-04 9.998439233229188261e-01
9.797979797979797922e+01 8.028502601825840759e-03 9.421313931639641037e-01 1.878996509800343344e-04 9.998488669287316499e-01
9.898989898989898961e+01 7.951377203843311078e-03 9.429676315197926817e-01 1.859996336707498842e-04 9.998513041093137765e-01
1.000000000000000000e+02 7.951377203843311078e-03 9.429676315197926817e-01 1.859996336707498842e-04 9.998513041093137765e-01
